function maps = custom_colourmap

reds = ...
[ 0.968627450980392	0.901960784313726	0.901960784313726
0.967689350249904	0.898562091503268	0.898562091503268
0.966751249519416	0.895163398692811	0.895163398692811
0.965813148788927	0.891764705882353	0.891764705882353
0.964875048058439	0.888366013071895	0.888366013071895
0.963936947327951	0.884967320261438	0.884967320261438
0.962998846597463	0.881568627450980	0.881568627450980
0.962060745866974	0.878169934640523	0.878169934640523
0.961122645136486	0.874771241830065	0.874771241830065
0.960184544405998	0.871372549019608	0.871372549019608
0.959246443675509	0.867973856209150	0.867973856209150
0.958308342945021	0.864575163398693	0.864575163398693
0.957370242214533	0.861176470588235	0.861176470588235
0.956432141484045	0.857777777777778	0.857777777777778
0.955494040753556	0.854379084967320	0.854379084967320
0.954555940023068	0.850980392156863	0.850980392156863
0.953617839292580	0.847581699346405	0.847581699346405
0.952679738562092	0.844183006535948	0.844183006535948
0.951741637831603	0.840784313725490	0.840784313725490
0.950803537101115	0.837385620915033	0.837385620915033
0.949865436370627	0.833986928104575	0.833986928104575
0.948927335640138	0.830588235294118	0.830588235294118
0.947989234909650	0.827189542483660	0.827189542483660
0.947051134179162	0.823790849673203	0.823790849673203
0.946113033448674	0.820392156862745	0.820392156862745
0.945174932718185	0.816993464052288	0.816993464052288
0.944236831987697	0.813594771241830	0.813594771241830
0.943298731257209	0.810196078431373	0.810196078431373
0.942360630526721	0.806797385620915	0.806797385620915
0.941422529796232	0.803398692810458	0.803398692810458
0.940484429065744	0.800000000000000	0.800000000000000
0.939546328335256	0.796601307189543	0.796601307189543
0.938608227604767	0.793202614379085	0.793202614379085
0.937670126874279	0.789803921568627	0.789803921568627
0.936732026143791	0.786405228758170	0.786405228758170
0.935793925413303	0.783006535947712	0.783006535947712
0.934855824682814	0.779607843137255	0.779607843137255
0.933917723952326	0.776209150326797	0.776209150326797
0.932979623221838	0.772810457516340	0.772810457516340
0.932041522491349	0.769411764705882	0.769411764705882
0.931103421760861	0.766013071895425	0.766013071895425
0.930165321030373	0.762614379084967	0.762614379084967
0.929227220299885	0.759215686274510	0.759215686274510
0.928289119569396	0.755816993464052	0.755816993464052
0.927351018838908	0.752418300653595	0.752418300653595
0.926412918108420	0.749019607843137	0.749019607843137
0.925474817377932	0.745620915032680	0.745620915032680
0.924536716647443	0.742222222222222	0.742222222222222
0.923598615916955	0.738823529411765	0.738823529411765
0.922660515186467	0.735424836601307	0.735424836601307
0.921722414455979	0.732026143790850	0.732026143790850
0.920784313725490	0.728627450980392	0.728627450980392
0.919846212995002	0.725228758169935	0.725228758169935
0.918908112264514	0.721830065359477	0.721830065359477
0.917970011534025	0.718431372549020	0.718431372549020
0.917031910803537	0.715032679738562	0.715032679738562
0.916093810073049	0.711633986928105	0.711633986928105
0.915155709342561	0.708235294117647	0.708235294117647
0.914217608612072	0.704836601307190	0.704836601307190
0.913279507881584	0.701437908496732	0.701437908496732
0.912341407151096	0.698039215686275	0.698039215686275
0.911403306420607	0.694640522875817	0.694640522875817
0.910465205690119	0.691241830065360	0.691241830065360
0.909527104959631	0.687843137254902	0.687843137254902
0.908589004229143	0.684444444444444	0.684444444444444
0.907650903498654	0.681045751633987	0.681045751633987
0.906712802768166	0.677647058823529	0.677647058823529
0.905774702037678	0.674248366013072	0.674248366013072
0.904836601307190	0.670849673202614	0.670849673202614
0.903898500576701	0.667450980392157	0.667450980392157
0.902960399846213	0.664052287581699	0.664052287581699
0.902022299115725	0.660653594771242	0.660653594771242
0.901084198385237	0.657254901960784	0.657254901960784
0.900146097654748	0.653856209150327	0.653856209150327
0.899207996924260	0.650457516339869	0.650457516339869
0.898269896193772	0.647058823529412	0.647058823529412
0.897331795463283	0.643660130718954	0.643660130718954
0.896393694732795	0.640261437908497	0.640261437908497
0.895455594002307	0.636862745098039	0.636862745098039
0.894517493271819	0.633464052287582	0.633464052287582
0.893579392541330	0.630065359477124	0.630065359477124
0.892641291810842	0.626666666666667	0.626666666666667
0.891703191080354	0.623267973856209	0.623267973856209
0.890765090349865	0.619869281045752	0.619869281045752
0.889826989619377	0.616470588235294	0.616470588235294
0.888888888888889	0.613071895424837	0.613071895424837
0.887950788158401	0.609673202614379	0.609673202614379
0.887012687427912	0.606274509803922	0.606274509803922
0.886074586697424	0.602875816993464	0.602875816993464
0.885136485966936	0.599477124183007	0.599477124183007
0.884198385236447	0.596078431372549	0.596078431372549
0.883260284505959	0.592679738562091	0.592679738562091
0.882322183775471	0.589281045751634	0.589281045751634
0.881384083044983	0.585882352941177	0.585882352941177
0.880445982314494	0.582483660130719	0.582483660130719
0.879507881584006	0.579084967320261	0.579084967320261
0.878569780853518	0.575686274509804	0.575686274509804
0.877631680123030	0.572287581699347	0.572287581699347
0.876693579392541	0.568888888888889	0.568888888888889
0.875755478662053	0.565490196078431	0.565490196078431
0.874817377931565	0.562091503267974	0.562091503267974
0.873879277201077	0.558692810457516	0.558692810457516
0.872941176470588	0.555294117647059	0.555294117647059
0.872003075740100	0.551895424836601	0.551895424836601
0.871064975009612	0.548496732026144	0.548496732026144
0.870126874279123	0.545098039215686	0.545098039215686
0.869188773548635	0.541699346405229	0.541699346405229
0.868250672818147	0.538300653594771	0.538300653594771
0.867312572087659	0.534901960784314	0.534901960784314
0.866374471357170	0.531503267973856	0.531503267973856
0.865436370626682	0.528104575163399	0.528104575163399
0.864498269896194	0.524705882352941	0.524705882352941
0.863560169165705	0.521307189542484	0.521307189542484
0.862622068435217	0.517908496732026	0.517908496732026
0.861683967704729	0.514509803921569	0.514509803921569
0.860745866974241	0.511111111111111	0.511111111111111
0.859807766243752	0.507712418300654	0.507712418300654
0.858869665513264	0.504313725490196	0.504313725490196
0.857931564782776	0.500915032679739	0.500915032679739
0.856993464052288	0.497516339869281	0.497516339869281
0.856055363321799	0.494117647058824	0.494117647058824
0.855117262591311	0.490718954248366	0.490718954248366
0.854179161860823	0.487320261437908	0.487320261437908
0.853241061130335	0.483921568627451	0.483921568627451
0.852302960399846	0.480522875816994	0.480522875816994
0.851364859669358	0.477124183006536	0.477124183006536
0.850426758938870	0.473725490196078	0.473725490196078
0.849488658208381	0.470326797385621	0.470326797385621
0.848550557477893	0.466928104575163	0.466928104575163
0.847612456747405	0.463529411764706	0.463529411764706
0.846674356016917	0.460130718954248	0.460130718954248
0.845736255286428	0.456732026143791	0.456732026143791
0.844798154555940	0.453333333333333	0.453333333333333
0.843860053825452	0.449934640522876	0.449934640522876
0.842921953094963	0.446535947712418	0.446535947712418
0.841983852364475	0.443137254901961	0.443137254901961
0.841045751633987	0.439738562091503	0.439738562091503
0.840107650903499	0.436339869281046	0.436339869281046
0.839169550173010	0.432941176470588	0.432941176470588
0.838231449442522	0.429542483660131	0.429542483660131
0.837293348712034	0.426143790849673	0.426143790849673
0.836355247981546	0.422745098039216	0.422745098039216
0.835417147251057	0.419346405228758	0.419346405228758
0.834479046520569	0.415947712418301	0.415947712418301
0.833540945790081	0.412549019607843	0.412549019607843
0.832602845059593	0.409150326797386	0.409150326797386
0.831664744329104	0.405751633986928	0.405751633986928
